1011.47
1011.53
1012.97
1012.84
1012.34
1012.10
1011.22
1010.08
1010.20
1010.24
1010.39
1010.62
1010.72
1011.58
1012.45
1013.42
1012.60
1012.51
1011.76
1011.65
1009.59
1009.96
1009.83
1011.18
1010.73
1012.95
1013.46
1013.59
1013.40
1011.79
1010.93
1010.93
1009.61
1010.09
1010.24
1010.63
1012.04
1012.99
1012.60
1013.62
1012.58
1012.15
1012.46
1010.66
1010.53
1009.88
1009.90
1010.28
1012.01
1011.82
1012.38
1011.93
1012.18
1012.22
1010.35
1010.49
1010.01
1009.64
1009.98
1010.51
1010.33
1011.96
1011.80
1011.96
1012.14
1011.03
1010.30
1010.83
1009.88
1009.95
1008.65
1009.82
1010.76
1010.88
1012.67
1012.12
1011.84
1011.41
1011.14
1009.49
1010.46
1007.92
1008.82
1009.64
1010.46
1010.93
1011.90
1011.88
1011.87
1011.94
1009.84
1009.97
1009.36
1008.27
1008.97
1009.84
1009.58
1010.97
1011.92
1012.00
1011.55
1011.17
1010.77
1009.49
1008.77
1007.95
1008.61
1010.02
1010.52
1012.00
1011.87
1012.59
1011.18
1011.86
1010.67
1010.35
1009.07
1010.43
1009.41
1009.31
1011.29
1011.99
1012.17
1012.39
1012.27
1012.70
1011.01
1010.65
1010.84
1010.68
1010.17
1009.95
1011.16
1011.16
1012.10
1012.87
1012.53
1011.92
1011.57
1010.56
1010.55
1009.69
1010.09
1011.40
1012.50
1012.03
1013.45
1013.64
1013.10
1012.99
1011.11
1011.54
1011.21
1009.89
1010.38
1010.08
1012.63
1012.16
1013.54
1013.31
1013.24
1012.43
1011.36
1011.38
1011.33
1010.64
1010.49
1010.80
1011.80
1011.76
1012.94
1012.44
1013.21
1011.81
1010.89
1010.75
1010.02
1009.86
1009.40
1010.06
1011.01
1011.92
1011.92
1012.17
1012.23
1010.42
1010.68
1009.82
1010.58
1009.37
1008.79
1009.62
1011.02
1011.57
1011.56
1012.52
1012.14
1011.66
1009.97
1010.01
1009.26
1008.48
1008.69
1009.74
1010.34
1011.64
1011.20
1012.20
1011.23
1010.71
1010.21
1009.31
1008.80
1009.36
1008.39
1009.74
1010.62
1011.15
1012.23
1013.25
1011.36
1011.40
1009.52
1010.45
1008.94
1009.94
1009.07
1009.68
1010.14
1011.69
1012.68
1012.83
1012.29
1012.15
1010.75
1009.96
1009.77
1008.87
1008.92
1010.76
1011.54
1012.06
1012.55
1012.54
1012.25
1011.88
1010.85
1010.79
1008.62
1009.11
1010.04
1009.83
1012.66
1012.32
1012.66
1013.22
1012.62
1011.95
1011.39
1011.15
1009.75
1010.37
1010.51
1011.15
1011.71
1011.50
1012.88
1013.93
1012.67
1012.86
1010.88
1012.10
1010.60
1009.59
1009.78
1010.84
1011.71
1012.65
1013.16
1013.34
1012.06
1012.97
1011.48
1010.47
1009.68
1008.95
1009.65
1010.84
1011.76
1011.56
1012.59
1013.12
1012.96
1011.80
1010.81
1010.12
1009.98
1009.34
1010.12
1010.06
1011.75
1011.45
1013.43
1012.72
1012.50
1011.84
1011.05
1009.61
1009.09
1008.72
1009.23
1010.47
1010.67
1010.71
1011.36
1012.64
1012.09
1011.01
1010.55
1010.23
1009.52
1009.35
1007.90
1010.22
1010.78
1011.20
1012.12
1011.84
1012.28
1011.47
1009.25
1009.40
1009.36
1009.08
1008.79
1009.07
1010.47
1011.33
1010.66
1012.02
1012.45
1011.02
1010.24
1009.84
1008.32
1009.06
1009.12
1009.56
1010.84
1010.66
1012.25
1011.78
1011.25
1012.28
1010.61
1009.72
1010.09
1008.92
1009.18
1010.04
1010.96
1010.97
1013.27
1013.10
1012.60
1012.16
1011.65
1011.47
1009.05
1009.47
1009.92
1011.95
1011.63
1012.35
1013.30
1012.25
1012.96
1012.33
1011.53
1011.19
1010.26
1010.27
1010.19
1011.47
1012.01
1011.68
1014.07
1014.07
1013.23
1012.43
1011.50
1011.27
1011.46
1010.00
1010.50
1011.06
1011.37
1011.94
1013.53
1011.82
1012.41
1012.51
1011.92
1010.39
1010.70
1009.14
1009.38
1011.00
1012.59
1011.93
1012.54
1012.96
1012.99
1012.39
1010.99
1010.55
1009.70
1010.37
1009.50
1009.70
1011.13
1011.20
1012.58
1012.37
1012.91
1012.07
1010.70
1010.30
1009.53
1008.93
1009.95
1010.14
1010.23
1011.47
1011.97
1013.21
1011.73
1010.99
1010.50
1009.88
1009.25
1008.59
1008.51
1009.67
1010.54
1010.72
1012.26
1012.07
1011.60
1011.27
1010.23
1008.90
1009.02
1009.19
1009.24
1009.92
1010.03
1009.74
1011.96
1012.08
1011.77
1011.57
1010.19
1010.51
1009.33
1008.95
1008.35
1009.19
1010.51
1011.99
1011.11
1012.70
1012.62
1011.63
1010.92
1010.49
1008.85
1008.90
1009.26
1011.11
1011.48
1011.88
1012.76
1013.17
1012.15
1011.58
1011.03
1011.95
1010.10
1010.10
1010.08
1010.57
1010.77
1013.21
1012.98
1012.62
1013.29
1011.87
1011.42
1010.31
1010.57
1010.39
1010.11
1010.18
1011.72
1013.89
1012.63
1011.65
1013.61
1011.77
1012.74
1011.62
1010.61
1009.55
1011.26
1011.32
1011.67
1012.56
1012.99
1013.05
1012.86
1012.23
1011.33
1011.41
1010.57
1009.37
1010.07
1010.55
1011.83
1012.96
1013.07
1013.77
1012.98
1012.41
1012.12
1010.89
1010.04
1009.43
1010.42
1009.70
1011.10
1011.88
1012.33
1012.26
1012.51
1011.64
1011.18
1010.46
1009.12
1008.08
1008.85
1010.24
1009.54
1011.67
1012.27
1012.82
1012.06
1010.84
1010.44
1010.27
1008.33
1009.00
1008.49
1009.61
1010.04
1011.88
1011.29
1011.73
1011.06
1011.24
1011.05
1009.59
1008.25
1008.77
1008.47
1009.31
1009.05
1011.28
1010.62
1012.72
1011.24
1011.50
1009.93
1008.91
1009.48
1008.64
1008.41
1010.41
1010.92
1011.00
1012.93
1010.78
1012.46
1011.15
1011.85
1010.17
1008.76
1009.80
1009.52
1009.94
1011.27
1011.17
1012.34
1012.73
1012.95
1011.63
1011.17
1010.68
1010.15
1009.94
1009.38
1010.79
1012.00
1011.93
1012.53
1013.17
1012.39
1012.91
1010.75
1011.14
1009.75
1009.33
1009.97
1010.65
1011.46
1012.16
1012.97
1012.96
1012.84
1013.01
1011.71
1010.71
1009.43
1009.59
1009.68
1010.98
1010.97
1011.65
1012.65
1013.52
1012.25
1012.50
1011.09
1009.74
1010.35
1009.85
1010.47
1010.52
1011.73
1012.48
1013.49
1013.17
1013.05
1012.84
1011.49
1009.79
1010.08
1009.59
1010.12
1010.13
1011.09
1012.08
1013.10
1012.68
1011.88
1011.55
1010.43
1010.38
1010.11
1009.44
1008.98
1009.55
1010.41
1009.84
1012.88
1012.43
1012.92
1010.63
1010.54
1009.72
1009.10
1008.82
1009.49
1009.52
1009.95
1010.86
1011.84
1012.92
1012.12
1010.84
1009.92
1008.78
1009.29
1008.31
1009.05
1008.62
1009.71
1011.60
1011.71
1011.68
1011.49
1011.59
1010.46
1009.47
1008.69
1010.29
1009.57
1010.11
1011.06
1011.36
1011.70
1011.66
1013.28
1011.47
1011.70
1010.61
1009.22
1009.05
1008.15
1010.04
1010.33
1011.32
1012.48
1013.06
1012.13
1012.35
1011.25
1011.00
1008.97
1009.66
1010.64
1009.72
1012.16
1012.15
1013.22
1013.43
1013.04
1012.28
1011.47
1011.05
1010.32
1010.37
1010.13
1010.26
1012.94
1012.19
1013.44
1013.63
1013.29
1012.12
1012.06
1010.61
1009.79
1009.56
1010.28
1010.42
1012.15
1012.40
1012.88
1011.98
1013.03
1012.34
1011.08
1011.11
1009.90
1009.70
1009.81
1011.61
1012.11
1011.78
1013.42
1012.58
1012.49
1012.70
1011.98
1009.57
1010.00
1010.04
1009.33
1010.88
1010.87
1011.95
1013.38
1012.67
1011.30
1011.56
1010.37
1009.65
1009.46
1009.48
1009.86
1009.82
1011.16
1012.00
1012.93
1011.21
1011.77
1010.15
1010.29
1010.05
1009.75
1008.67
1009.41
1009.67
1010.12
1011.57
1011.81
1011.83
1012.83
1010.73
1009.76
1010.36
1009.18
1009.33
1008.11
1009.47
1011.05
1011.47
1011.19
1012.48
1011.69
1011.36
1010.60
1009.94
1008.75
1009.19
1009.24
1010.04
1010.55
1011.50
1011.77
1012.20
1011.93
1011.31
1010.65
1009.18
1009.52
1009.42
1009.82
1010.09
1010.67
1011.19
1012.96
1013.03
1012.88
1011.98
1011.99
1010.33
1009.97
1009.36
1010.38
1010.72
1010.74
1012.33
1012.48
1012.90
1014.18
1012.71
1011.63
1010.90
1010.63
1010.42
1010.28
1010.17
1011.65
1012.61
1012.79
1012.85
1012.20
1012.45
1012.44
1010.74
1010.50
1010.18
1010.15
1011.25
1012.53
1012.55
1012.96
1013.29
1012.58
1011.60
1012.05
1011.54
1010.57
1009.63
1009.68
1010.78
1011.34
1012.67
1012.95
1012.64
1011.69
1012.46
1012.32
1010.68
1009.31
1008.69
1009.93
1010.15
1010.91
1011.38
1012.47
1011.92
1012.87
1012.35
1010.00
1010.12
1009.70
1009.22
1008.61
1009.73
1010.47
1011.13
1012.57
1012.06
1012.03
1010.73
1009.84
1009.27
1009.82
1009.18
1008.91
1009.93
1009.19
1011.50
1011.77
1012.02
1011.24
1011.21
1010.67
1009.22
1009.25
1008.63
1009.48
1010.40
1009.78
1010.62
1011.41
1012.24
1012.26
1011.07
1010.30
1009.22
1009.15
1009.57
1009.53
1010.40
1011.34
1011.45
1012.07
1011.95
1013.11
1011.41
1011.25
1010.12
1010.16
1009.64
1009.27
1010.37
1011.00
1012.17
1012.02
1013.28
1012.62
1011.51
1011.95
1010.23
1009.64
1010.00
1010.87
1010.67
1011.30
1013.04
1013.08
1013.50
1012.94
1013.05
1010.53
1010.89
1010.47
1009.62
1010.00
1011.07
1011.46
1012.69
1012.75
1012.57
1012.87
1012.32
1011.66
1011.35
1010.27
1010.10
1009.73
1011.12
1012.50
1012.79
1014.05
1014.13
1012.22
1011.81
1011.49
1011.22
1010.65
1010.26
1009.81
1010.70
1011.39
1011.83
1012.89
1012.60
1013.10
1012.74
1010.76
1009.63
1010.61
1009.36
1008.91
1009.40
1011.05
1012.35
1012.67
1011.82
1013.21
1010.68
1011.09
1009.87
1009.37
1009.86
1009.81
1010.98
1010.52
1012.50
1011.68
1012.70
1011.67
1011.10
1009.67
1010.52
1009.03
1008.96
1008.97
1008.94
1010.18
1010.54
1011.56
1012.02
1011.66
1011.21
1009.82
1009.22
1008.33
1008.85
1008.63
1009.26
1011.27
1011.36
1010.61
1011.70
1011.84
1010.57
1010.14
1009.93
1008.28
1009.02
1009.58
1010.21
1010.24
1011.24
1011.06
1012.33
1012.30
1011.34
1010.09
1009.33
1009.09
1010.14
1010.12
1010.13
1010.22
1010.91
1013.24
1012.94
1011.75
1012.00
1011.09
1010.98
1011.12
1009.56
1010.50
1010.85
1011.35
1012.32
1012.74
1012.70
1012.83
1012.47
1011.41
1010.66
1010.41
1009.98
1008.94
1011.60
1011.74
1012.85
1013.51
1013.45
1013.83
1013.15
1011.08
1010.79
1010.45
1011.01
1010.85
1010.74
1011.94
1011.91
1013.08
1012.82
1012.12
1011.97
1012.32
1010.90
1010.87
1009.30
1010.58
1011.33
1011.50
1012.01
1012.44
1014.10
1012.07
1012.43
1011.13
1009.95
1009.50
1009.39
1010.35
1011.07
1011.41
1012.36
1012.81
1012.05
1012.35
1010.81
1010.57
1009.72
1008.95
1009.51
1009.67
1009.99
1010.62
1011.59
1011.62
1012.55
1011.66
1011.01
1009.51
1009.56
1009.01
1008.99
1009.41
1009.99
1011.33
1011.51
1010.76
1011.68
1011.56
1010.68
1010.48
1008.32
1008.80
1008.35
1009.41
1009.33
1011.16
1011.51
1011.38
1011.94
1011.50
1011.29
1010.76
1009.09
1009.05
1009.32
1009.84
1010.24
1010.20
1012.09
1012.43
1012.59
1011.88
1011.23
1010.20
1010.46
1009.71
1008.96
1010.03
1010.02
1010.78
1011.46
1012.13
1013.49
1012.05
1012.26
1011.02
1010.60
1009.24
1009.46
1010.13
1010.45
1011.80
1011.72
1013.65
1013.26
1012.45
1012.92
1011.64
1010.89
1009.68
1010.47
1009.51
1010.96
1011.86
1012.36
1013.82
1013.11
1012.92
1011.31
1011.70
1011.48
1009.74
1010.54
1010.48
1011.74
1011.11
1012.34
1012.84
1012.32
1012.48
1012.85
1011.49
1010.60
1010.48
1010.56
1010.52
1010.96
1011.98
1011.29
1013.09
1012.59
1012.65
1012.74
1010.16
1010.36
1010.64
1009.79
1009.41
1011.18
1010.63
1011.66
1012.09
1011.83
1012.08
1011.09
1010.87
1010.28
1009.07
1009.48
1009.43
1010.64
1011.33
1011.71
1011.15
1011.79
1011.32
1011.93
1010.77
1009.17
1008.51
1008.46
1008.85
1009.99
1010.11
1011.96
1012.08
1012.20
1011.65
1011.26
1010.49
1008.62
1009.64
1008.98
1008.93
1010.30
1010.18
1010.83
1011.60
1011.69
1012.81
1010.86
1010.87
1010.20
1009.94
1008.60
1008.89
1010.20
1011.05
1012.28
1011.73
1012.76
1011.87
1011.59
1012.08
1009.63
1009.15
1009.58
1009.40
1010.32
1010.24
1010.78
1012.25
1011.69
1012.60
1012.89
1010.89
1010.90
1009.75
1009.93
1009.88
1010.56
1010.64
1011.46
1012.89
1013.39
1013.18
1012.02
1011.26
1010.61
1010.44
1009.69
1010.28
1010.00
1011.42
1012.29
1012.62
1013.21
1012.21
1012.76
1011.65
1010.47
1010.25
1010.39
1010.44
1010.81
1011.22
1011.69
1013.54
1013.59
1012.27
1013.10
1011.30
1011.40
1009.92
1009.97
1010.25
1010.91
1011.10
1012.36
1012.64
1012.34
1012.06
1011.42
1010.62
1010.95
1010.23
1008.87
1010.12
1010.04
1011.32
1011.31
1013.98
1012.99
1011.96
1012.47
1010.74
1010.51
1009.86
1009.31
1010.31
1009.88
1010.98
1011.39
1011.68
1012.22
1012.74
1010.54
1010.37
1009.36